-1 3 -1 1 0 0 1 -1 2 
1 2 1 1 0 0 1 1 2 
1 1 1 1 1 1 1 1 1 
-1 1 1 -1 1 1 -1 1 1 
1 1 1 1 1 2 2 2 1 
0 0 1 1 1 2 -1 2 0 
0 0 1 -1 1 2 -1 2 0 
1 1 2 1 1 1 1 1 0 
2 -1 2 1 0 0 1 1 2 
1 1 1 1 1 1 1 1 1
1 1 1 1 1 1 1 1 1 
1 1 1 1 1 1 1 1 1
1 1 1 1 1 1 1 1 1
1 1 1 1 1 1 1 1 1
1 1 1 1 1 1 1 1 1
1 1 1 1 1 1 1 1 1 
1 1 1 1 1 1 1 1 1
1 1 1 1 1 1 1 1 1



GAUSS FAILS
0 241 241 1202 -1 961 0 89 -1 
94 335 -1 1202 -1 1334 373 462 89 
-1 335 241 1611 1370 2640 -1 1270 0 
94 94 195 1079 -1 2154 -1 1270 0 
0 0 195 -1 2024 2726 1842 897 0 
0 0 195 195 1140 -1 945 0 0 
0 0 0 0 945 945 945 0 0 
0 0 0 0 0 0 0 0 0 
0 0 0 0 0 0 0 0 0 
625 921 556 102 475 577 36 260 89 
492 563 241 461 486 462 437 71 697 
94 405 447 907 51 900 373 256 630 
634 185 976 478 884 100 897 110 522 
720 195 489 195 474 954 115 127 264 
444 310 172 831 486 945 306 704 227 
646 584 615 423 666 115 898 249 634 
310 425 471 134 858 866 339 399 582 
347 755 32 581 412 544 414 561 100 

SOMETHING IS WRONG
0 0 532 532 532 0 0 0 0 
0 0 532 101 532 0 0 0 0 
-514 -514 531 532 532 0 0 0 0 
101 101 101 626 0 0 0 0 0 
101 10126 1106 626 0 493 493 493 0 
101 101 1161 0 0 493 101 493 0 
790 101 793 0 0 493 493 493 0 
312 101 312 0 0 703 703 703 0 
-368 -368 -368 0 0 703 101 703 0 
-985 745 192 448 271 -616 -668 964 33 
125 -472 947 532 135 27 -96 829 -420 
571 -571 16 -881 575 -777 494 468 -253 
-513 -1 626 809 -886 788 -243 264 -941 
-716 896 873 -852 69 467 449 -511 -476 
-3 481 759 730 -664 -11 493 -82 -127 
-758 680 -225 394 816 -515 -901 354 -506 
216 -368 614 -427 -185 391 986 -620 -511 
-203 -220 331 -889 748 393 703 -280 155 


0/1
0 0 0 0 0 -3 -3 -11 -8 
0 0 0 0 0 -3 101 -11 101 
0 0 0 0 0 -3 -3 -11 -8 
0 1 2 2 1 0 0 0 0 
0 1 101 101 1 -10 -10 -16 -6 
0 -2 -1 -1 1 -10 101 -25 101 
1 -2 101 -3 0 -10 -19 101 -15 
101 -12 -13 -13 0 0 -9 -9 -9 
1 -9 101 -10 0 0 0 0 0 
-4 -9 -7 -2 -7 -1 -5 -8 -10 
-10 -8 -9 -7 -9 -7 -3 1 -8 
-4 -5 -1 -6 1 -1 -3 -3 -6 
-10 -10 -5 -2 -10 -5 -5 1 -8 
-7 -8 1 1 -4 -4 1 -6 -6 
-8 -7 -7 -2 -9 -3 -10 -4 -6 
1 -4 -3 -5 -7 -9 -3 -9 -7 
1 -5 -9 -7 -4 -8 -1 -10 -1 
-6 -10 -10 -1 -9 -3 -8 -9 -3 